format sales
l 42 47 5
l 42 142 5
l 47 52 5
l 47 152 7.07107
l 52 57 5
l 52 147 7.07107
l 52 152 5
l 52 157 7.07107
l 57 152 7.07107
l 57 157 5
l 142 242 5
l 142 247 7.07107
l 147 152 5
l 147 242 7.07107
l 147 247 5
l 147 252 7.07107
l 152 247 7.07107
l 152 252 5
l 157 257 5
l 242 247 5
l 242 342 5
l 247 252 5
l 247 347 5
l 257 357 5
l 342 347 5
l 347 352 5
l 352 357 5
l 42 52 400
l 42 57 400
l 42 242 400
l 42 342 400
l 47 57 400
l 47 157 400
l 47 252 400
l 52 242 400
l 52 247 400
l 52 252 400
l 52 347 400
l 57 147 400
l 57 242 400
l 57 247 400
l 57 257 400
l 57 357 400
l 142 252 400
l 142 342 400
l 147 347 400
l 152 242 400
l 152 347 400
l 157 357 400
l 242 252 400
l 342 352 400
l 342 357 400
l 347 357 400
